  -5.7734870910644531        3.3082962036132813        8.4633064270019531     
  -7.0311737060546875        9.1487693786621094       -1.6897964477539063     
   5.4259681701660156        7.5477600097656250       -9.1284370422363281     
  -8.9352035522460938        9.9020576477050781       -6.5561676025390625     
  -2.0699501037597656       -5.7521438598632813        5.2704811096191406     
   7.5515747070312500       -5.2031135559082031       -9.7773361206054688     
   3.3476448059082031        8.9530181884765625       -3.1177711486816406     
  -3.9599990844726563        9.3874549865722656        3.9176940917968750     
  -4.4662666320800781        8.4381484985351563        7.0813179016113281     
  -9.0973663330078125        3.0365562438964844        8.8428878784179688     
   3.5581398010253906        5.5523681640625000       -2.3866462707519531     
   8.3675003051757813       -5.6156730651855469        5.6989288330078125     
   8.4242820739746094       -7.1872329711914063        8.5637855529785156     
  -3.6381530761718750       0.56699752807617188        7.6669692993164063     
 -4.14465158214331261E-002 -3.48889127444693900E-002  0.53003501892089844      -0.17131423950195313     
  0.14518870587650354       0.81770077029882782      -0.50154304504394531       0.33485794067382813     
 -0.32204503432424336      -0.72980252767637566      -0.32531929016113281      -0.33089828491210938     
 -9.56572327471268968E-002  0.88063805182063482      -0.50423622131347656      -0.43642044067382813     
 -0.58109791756979079      -0.46648498611811823       0.20393180847167969       0.26848220825195313     
  0.66164296641545839      -0.66974450825563148      -1.18160247802734375E-002  0.26396179199218750     
  4.21767005424633426E-002  0.96353810503685666      -0.89282035827636719      -0.28949737548828125     
  0.28547788183177963      -0.19381810136696953       0.26072120666503906       0.70477294921875000     
 -0.59533659468666311      -0.28441849706290045       0.50544929504394531       0.52997589111328125     
 -0.30329428570810751      -0.60963853325972683       0.24175453186035156      -0.81193542480468750     
 -0.50146012670250428      -0.17565122715119938       6.01347001846422351E-154  2.12465868764351069E-312
  5.51718905789309183E-313  1.51986418023187518E-314  4.86455386084490208E-270  4.86576424537108912E-270
 -4.96616900035328709E-042  6.64600031876924578E-316 -1.69445858748586452E-042 -0.53735542297363292     
 -1.15030045557677273E-041 -0.53736686706542969       1.59049942152186734E-314 -4.96616900035129062E-042
